[[ 2.12193020e+00]
 [ 1.53921552e-02]
 [-7.15842058e-04]
 [-4.76488759e-03]
 [-9.59220888e-02]
 [-1.24565483e-02]
 [ 4.57265907e-02]
 [-1.45251373e-02]
 [-7.08690828e-02]
 [-1.91877221e-02]
 [-3.59972750e-02]
 [-5.03738474e-03]
 [ 5.34290303e-02]
 [-1.69139829e-03]
 [ 3.83067256e-02]
 [-7.07289250e-03]
 [-3.21127204e-01]
 [-1.32736985e-02]
 [-2.12218887e-02]
 [ 3.80791409e-03]
 [-1.38659718e-01]
 [ 4.47491333e-03]
 [-2.66989520e-02]
 [ 2.60017801e-03]
 [-1.68498561e-01]
 [ 2.84393931e-02]
 [ 4.04050933e-02]
 [ 1.88280820e-02]
 [ 1.54384545e-01]
 [-1.16151721e-02]
 [-2.01402945e-02]
 [ 4.95015035e-03]
 [-1.16200010e-01]
 [-2.56582703e-02]
 [-8.10804393e-02]
 [ 6.68540855e-03]
 [-3.77117064e-02]
 [ 3.47345052e-03]
 [ 2.34447365e-02]
 [ 1.29089795e-02]
 [-1.75960103e-01]
 [ 5.37566681e-03]
 [-6.19807984e-02]
 [-9.47333832e-04]
 [-1.50091932e-01]
 [-1.52827827e-03]
 [ 3.32266616e-02]
 [ 1.02520923e-03]
 [-2.96812518e-01]
 [-2.30000054e-02]
 [-1.53099005e-02]
 [ 3.54574013e-03]
 [ 8.83886093e-02]
 [ 2.76009249e-03]
 [-2.93416258e-02]
 [ 2.33715919e-02]
 [ 6.58407282e-02]
 [ 2.17983674e-03]
 [ 2.39344849e-02]
 [-3.40102321e-03]
 [-4.25430720e-02]
 [-1.42818699e-02]
 [-8.98512331e-03]
 [-4.38579089e-03]]
