[[ 2.26256652e+00]
 [ 2.42977972e-02]
 [ 4.65379348e-02]
 [ 4.90807556e-03]
 [ 1.33376359e-02]
 [ 2.36686253e-02]
 [ 1.10097921e-01]
 [-3.58786792e-02]
 [ 3.20460745e-02]
 [ 4.27288158e-02]
 [ 3.85693782e-02]
 [-3.01973821e-02]
 [ 1.85606017e-01]
 [ 3.02663007e-03]
 [ 6.52341711e-02]
 [ 1.57735961e-03]
 [-2.35904419e-01]
 [ 4.35993919e-02]
 [ 7.96504786e-02]
 [-5.16229321e-02]
 [-1.70567897e-02]
 [ 1.70578831e-02]
 [ 2.47287756e-02]
 [ 2.87848105e-03]
 [-2.03352174e-02]
 [ 1.23692269e-02]
 [ 9.23590594e-02]
 [-1.08366304e-03]
 [ 2.52677197e-01]
 [ 3.93700150e-02]
 [ 8.81835741e-02]
 [-6.78526235e-02]
 [-2.19747735e-01]
 [-5.96233329e-02]
 [-1.74652103e-01]
 [ 1.92054232e-02]
 [-1.45528158e-01]
 [-8.53298643e-03]
 [-3.73368298e-02]
 [ 1.40337906e-02]
 [-2.85234140e-01]
 [ 5.70766419e-03]
 [-9.51659777e-02]
 [-1.55276610e-02]
 [-2.65078893e-01]
 [-3.01489706e-02]
 [-7.37441161e-02]
 [ 3.65913795e-02]
 [-4.23148551e-01]
 [-3.11357017e-03]
 [-3.96505602e-02]
 [-1.48643201e-03]
 [ 6.82851238e-04]
 [-4.48904575e-02]
 [-8.63862405e-02]
 [ 4.22694949e-02]
 [-1.68099361e-02]
 [-2.85733647e-02]
 [-4.46789684e-02]
 [ 2.88355102e-02]
 [-1.87070182e-01]
 [ 8.23356104e-04]
 [-6.81326893e-02]
 [-8.47534988e-03]]
